xof 0303txt 0032
template ColorRGBA {
 <35ff44e0-6c7c-11cf-8f52-0040333594a3>
 FLOAT red;
 FLOAT green;
 FLOAT blue;
 FLOAT alpha;
}

template ColorRGB {
 <d3e16e81-7835-11cf-8f52-0040333594a3>
 FLOAT red;
 FLOAT green;
 FLOAT blue;
}

template Material {
 <3d82ab4d-62da-11cf-ab39-0020af71e433>
 ColorRGBA faceColor;
 FLOAT power;
 ColorRGB specularColor;
 ColorRGB emissiveColor;
 [...]
}

template TextureFilename {
 <a42790e1-7810-11cf-8f52-0040333594a3>
 STRING filename;
}

template Frame {
 <3d82ab46-62da-11cf-ab39-0020af71e433>
 [...]
}

template Matrix4x4 {
 <f6f23f45-7686-11cf-8f52-0040333594a3>
 array FLOAT matrix[16];
}

template FrameTransformMatrix {
 <f6f23f41-7686-11cf-8f52-0040333594a3>
 Matrix4x4 frameMatrix;
}

template Vector {
 <3d82ab5e-62da-11cf-ab39-0020af71e433>
 FLOAT x;
 FLOAT y;
 FLOAT z;
}

template MeshFace {
 <3d82ab5f-62da-11cf-ab39-0020af71e433>
 DWORD nFaceVertexIndices;
 array DWORD faceVertexIndices[nFaceVertexIndices];
}

template Mesh {
 <3d82ab44-62da-11cf-ab39-0020af71e433>
 DWORD nVertices;
 array Vector vertices[nVertices];
 DWORD nFaces;
 array MeshFace faces[nFaces];
 [...]
}

template MeshNormals {
 <f6f23f43-7686-11cf-8f52-0040333594a3>
 DWORD nNormals;
 array Vector normals[nNormals];
 DWORD nFaceNormals;
 array MeshFace faceNormals[nFaceNormals];
}

template MeshMaterialList {
 <f6f23f42-7686-11cf-8f52-0040333594a3>
 DWORD nMaterials;
 DWORD nFaceIndexes;
 array DWORD faceIndexes[nFaceIndexes];
 [Material <3d82ab4d-62da-11cf-ab39-0020af71e433>]
}

template Coords2d {
 <f6f23f44-7686-11cf-8f52-0040333594a3>
 FLOAT u;
 FLOAT v;
}

template MeshTextureCoords {
 <f6f23f40-7686-11cf-8f52-0040333594a3>
 DWORD nTextureCoords;
 array Coords2d textureCoords[nTextureCoords];
}

template XSkinMeshHeader {
 <3cf169ce-ff7c-44ab-93c0-f78f62d172e2>
 WORD nMaxSkinWeightsPerVertex;
 WORD nMaxSkinWeightsPerFace;
 WORD nBones;
}

template SkinWeights {
 <6f0d123b-bad2-4167-a0d0-80224f25fabb>
 STRING transformNodeName;
 DWORD nWeights;
 array DWORD vertexIndices[nWeights];
 array FLOAT weights[nWeights];
 Matrix4x4 matrixOffset;
}

template AnimTicksPerSecond {
 <9e415a43-7ba6-4a73-8743-b73d47e88476>
 DWORD AnimTicksPerSecond;
}

template Animation {
 <3d82ab4f-62da-11cf-ab39-0020af71e433>
 [...]
}

template AnimationSet {
 <3d82ab50-62da-11cf-ab39-0020af71e433>
 [Animation <3d82ab4f-62da-11cf-ab39-0020af71e433>]
}

template FloatKeys {
 <10dd46a9-775b-11cf-8f52-0040333594a3>
 DWORD nValues;
 array FLOAT values[nValues];
}

template TimedFloatKeys {
 <f406b180-7b3b-11cf-8f52-0040333594a3>
 DWORD time;
 FloatKeys tfkeys;
}

template AnimationKey {
 <10dd46a8-775b-11cf-8f52-0040333594a3>
 DWORD keyType;
 DWORD nKeys;
 array TimedFloatKeys keys[nKeys];
}


Material M_Goblin {
 1.000000;1.000000;1.000000;1.000000;;
 10.000000;
 0.000000;0.000000;0.000000;;
 0.000000;0.000000;0.000000;;

 TextureFilename {
  "T_EvilGoblin_D.dds";
 }
}

Frame Goblin_Reference {
 

 FrameTransformMatrix {
  1.000000,0.000000,0.000000,0.000000,0.000000,0.000000,-1.000000,0.000000,0.000000,1.000000,0.000000,0.000000,0.000000,0.000000,0.000000,1.000000;;
 }

 Frame Goblin_Hips {
  

  FrameTransformMatrix {
   0.962084,0.271722,0.023713,0.000000,-0.270996,0.962118,-0.029833,0.000000,-0.030921,0.022276,0.999274,0.000000,0.000109,0.000000,89.044678,1.000000;;
  }

  Frame Goblin_Spine {
   

   FrameTransformMatrix {
    0.999504,-0.029664,-0.010593,0.000000,0.030486,0.995616,0.088422,0.000000,0.007923,-0.088701,0.996027,0.000000,-0.000000,0.000000,15.311051,1.000000;;
   }

   Frame Goblin_Spine1 {
    

    FrameTransformMatrix {
     0.999781,-0.020324,-0.004962,0.000000,0.020354,0.999774,0.006155,0.000000,0.004836,-0.006255,0.999969,0.000000,0.000000,0.000000,18.703598,1.000000;;
    }

    Frame Goblin_Spine2 {
     

     FrameTransformMatrix {
      0.999782,-0.019646,-0.007117,0.000000,0.015050,0.913324,-0.406954,0.000000,0.014495,0.406758,0.913421,0.000000,0.000000,0.000002,18.703613,1.000000;;
     }

     Frame Goblin_Neck {
      

      FrameTransformMatrix {
       0.986927,-0.066346,-0.146876,0.000000,0.005938,0.925687,-0.378244,0.000000,0.161056,0.372427,0.913980,0.000000,-0.000000,-0.000008,21.067704,1.000000;;
      }

      Frame Goblin_Head {
       

       FrameTransformMatrix {
        0.988495,-0.143209,0.048668,0.000000,0.029998,0.501000,0.864928,0.000000,-0.148248,-0.853517,0.499532,0.000000,-0.000010,-0.000031,8.788139,1.000000;;
       }

       Frame Goblin_Jaw {
        

        FrameTransformMatrix {
         1.000000,-0.000000,0.000000,0.000000,0.000000,-0.667837,-0.744308,0.000000,0.000000,0.744308,-0.667837,0.000000,0.000001,3.785542,4.619308,1.000000;;
        }

        Frame Goblin_JawEnd {
         

         FrameTransformMatrix {
          1.000000,0.000000,0.000000,0.000000,0.000000,1.000000,0.000000,0.000000,0.000000,-0.000000,1.000000,0.000000,-0.000000,0.000000,15.626045,1.000000;;
         }
        }
       }

       Frame Goblin_JOleftEye {
        

        FrameTransformMatrix {
         -0.000000,1.000000,0.000000,0.000000,-1.000000,0.000000,0.000000,0.000000,0.000000,0.000000,1.000000,0.000000,6.892112,15.147854,7.013626,1.000000;;
        }

        Frame Goblin_JOLeftUpperLid {
         

         FrameTransformMatrix {
          1.000000,-0.000000,0.000000,0.000000,-0.000000,1.000000,0.000000,0.000000,0.000000,-0.000000,1.000000,0.000000,-0.260445,0.347394,0.380066,1.000000;;
         }
        }

        Frame Goblin_JOLeftLowerLid {
         

         FrameTransformMatrix {
          1.000000,-0.000000,0.000000,0.000000,-0.000000,1.000000,0.000000,0.000000,0.000000,-0.000000,1.000000,0.000000,-0.426765,0.378279,0.183594,1.000000;;
         }
        }
       }

       Frame Goblin_JOrightEye {
        

        FrameTransformMatrix {
         -0.000000,1.000000,0.000000,0.000000,-1.000000,0.000000,0.000000,0.000000,0.000000,0.000000,1.000000,0.000000,-5.879539,16.675419,7.013718,1.000000;;
        }

        Frame Goblin_JORightLowerLid {
         

         FrameTransformMatrix {
          1.000000,-0.000000,0.000000,0.000000,-0.000000,1.000000,0.000000,0.000000,0.000000,-0.000000,1.000000,0.000000,0.053627,-0.249278,0.379990,1.000000;;
         }
        }

        Frame Goblin_JORightUpperLid {
         

         FrameTransformMatrix {
          1.000000,-0.000000,0.000000,0.000000,-0.000000,1.000000,0.000000,0.000000,0.000000,-0.000000,1.000000,0.000000,-0.112694,-0.280163,0.183487,1.000000;;
         }
        }
       }
      }
     }

     Frame Goblin_LeftShoulder {
      

      FrameTransformMatrix {
       -0.474724,-0.751415,-0.458272,0.000000,0.012123,0.515052,-0.857074,0.000000,0.880051,-0.412429,-0.235398,0.000000,10.210618,-0.570011,13.494094,1.000000;;
      }

      Frame Goblin_LeftArm {
       

       FrameTransformMatrix {
        0.745685,-0.432276,0.507042,0.000000,0.660668,0.380968,-0.646824,0.000000,0.086439,0.817313,0.569673,0.000000,-0.000011,0.000000,25.204883,1.000000;;
       }

       Frame Goblin_LeftArmRoll {
        

        FrameTransformMatrix {
         1.000000,0.000000,0.000000,0.000000,0.000000,1.000000,0.000001,0.000000,0.000000,-0.000001,1.000000,0.000000,0.000019,-0.000015,21.489869,1.000000;;
        }

        Frame Goblin_LeftForeArm {
         

         FrameTransformMatrix {
          0.816278,-0.168252,0.552613,0.000000,0.183827,0.982570,0.027625,0.000000,-0.547629,0.079035,0.832980,0.000000,0.000008,0.000008,21.489869,1.000000;;
         }

         Frame Goblin_LeftForeArmRoll {
          

          FrameTransformMatrix {
           0.989328,0.145662,0.003677,0.000000,-0.145426,0.988665,-0.037330,0.000000,-0.009072,0.036397,0.999296,0.000000,0.000025,0.000000,15.716064,1.000000;;
          }

          Frame Goblin_LeftHand {
           

           FrameTransformMatrix {
            0.946386,-0.302908,-0.112248,0.000000,0.317937,0.934908,0.157680,0.000000,0.057179,-0.184914,0.981090,0.000000,-0.000002,-0.000008,15.716088,1.000000;;
           }

           Frame Goblin_LeftHandThumb1 {
            

            FrameTransformMatrix {
             -0.821687,-0.434408,-0.368946,0.000000,-0.014587,-0.631100,0.775564,0.000000,-0.569753,0.642653,0.512230,0.000000,-9.552110,0.009567,5.873169,1.000000;;
            }

            Frame Goblin_LeftHandThumb2 {
             

             FrameTransformMatrix {
              0.854894,0.000000,0.518804,0.000000,-0.000000,1.000000,0.000000,0.000000,-0.518804,-0.000000,0.854894,0.000000,0.000017,0.000019,12.834885,1.000000;;
             }

             Frame Goblin_LeftHandThumb3 {
              

              FrameTransformMatrix {
               0.881036,-0.000000,0.473048,0.000000,-0.000000,1.000000,-0.000000,0.000000,-0.473048,0.000000,0.881036,0.000000,0.000027,-0.000004,7.240738,1.000000;;
              }

              Frame Goblin_LeftHandThumb4 {
               

               FrameTransformMatrix {
                1.000000,0.000000,-0.000000,0.000000,-0.000000,1.000000,0.000000,0.000000,-0.000000,-0.000000,1.000000,0.000000,0.000011,-0.000004,6.099911,1.000000;;
               }
              }
             }
            }
           }

           Frame Goblin_LeftHandIndex1 {
            

            FrameTransformMatrix {
             0.027594,-0.855185,0.517587,0.000000,0.886619,0.260079,0.382448,0.000000,-0.461677,0.448349,0.765400,0.000000,-6.028322,1.200272,23.390970,1.000000;;
            }

            Frame Goblin_LeftHandIndex2 {
             

             FrameTransformMatrix {
              0.808782,-0.000000,0.588108,0.000000,-0.000000,1.000000,0.000000,0.000000,-0.588108,0.000000,0.808782,0.000000,0.000046,0.000015,10.754322,1.000000;;
             }

             Frame Goblin_LeftHandIndex3 {
              

              FrameTransformMatrix {
               0.937060,-0.000000,0.349170,0.000000,-0.000000,1.000000,0.000000,0.000000,-0.349170,0.000000,0.937060,0.000000,0.000025,-0.000006,7.778794,1.000000;;
              }

              Frame Goblin_LeftHandIndex4 {
               

               FrameTransformMatrix {
                1.000000,0.000000,0.000000,0.000000,0.000000,1.000000,0.000000,0.000000,0.000000,-0.000000,1.000000,0.000000,0.000006,-0.000002,6.088356,1.000000;;
               }
              }
             }
            }
           }

           Frame Goblin_LeftHandMiddle1 {
            

            FrameTransformMatrix {
             0.233828,-0.828623,0.508634,0.000000,0.916053,0.363075,0.170363,0.000000,-0.325839,0.426100,0.843960,0.000000,-0.667282,2.115334,26.197262,1.000000;;
            }

            Frame Goblin_LeftHandMiddle2 {
             

             FrameTransformMatrix {
              0.886666,-0.000000,0.462410,0.000000,0.000000,1.000000,0.000000,0.000000,-0.462410,0.000000,0.886666,0.000000,0.000031,0.000013,10.617092,1.000000;;
             }

             Frame Goblin_LeftHandMiddle3 {
              

              FrameTransformMatrix {
               0.884963,0.000000,0.465661,0.000000,-0.000000,1.000000,-0.000000,0.000000,-0.465661,0.000000,0.884963,0.000000,0.000021,0.000002,9.313858,1.000000;;
              }

              Frame Goblin_LeftHandMiddle4 {
               

               FrameTransformMatrix {
                1.000000,0.000000,-0.000000,0.000000,0.000000,1.000000,0.000000,0.000000,0.000000,-0.000000,1.000000,0.000000,0.000023,-0.000003,7.018974,1.000000;;
               }
              }
             }
            }
           }

           Frame Goblin_LeftHandRing1 {
            

            FrameTransformMatrix {
             0.301521,-0.772262,0.559193,0.000000,0.927237,0.374104,0.016675,0.000000,-0.222073,0.513477,0.828870,0.000000,3.250237,3.625473,26.014355,1.000000;;
            }

            Frame Goblin_LeftHandRing2 {
             

             FrameTransformMatrix {
              0.916637,0.000000,0.399722,0.000000,0.000000,1.000000,-0.000000,0.000000,-0.399722,0.000000,0.916637,0.000000,0.000046,0.000010,10.368591,1.000000;;
             }

             Frame Goblin_LeftHandRing3 {
              

              FrameTransformMatrix {
               0.868330,-0.000000,0.495987,0.000000,-0.000000,1.000000,0.000000,0.000000,-0.495987,-0.000000,0.868330,0.000000,0.000019,0.000002,7.874001,1.000000;;
              }

              Frame Goblin_LeftHandRing4 {
               

               FrameTransformMatrix {
                1.000000,-0.000000,0.000000,0.000000,0.000000,1.000000,0.000000,0.000000,0.000000,-0.000000,1.000000,0.000000,0.000017,0.000001,6.699661,1.000000;;
               }
              }
             }
            }
           }

           Frame Goblin_LeftHandPinky1 {
            

            FrameTransformMatrix {
             0.405076,-0.766986,0.497640,0.000000,0.904253,0.416490,-0.094143,0.000000,-0.135055,0.488128,0.862259,0.000000,7.188827,6.875030,23.440467,1.000000;;
            }

            Frame Goblin_LeftHandPinky2 {
             

             FrameTransformMatrix {
              0.893241,-0.000000,0.449579,0.000000,0.000000,1.000000,-0.000000,0.000000,-0.449579,0.000000,0.893241,0.000000,0.000023,0.000022,7.876324,1.000000;;
             }

             Frame Goblin_LeftHandPinky3 {
              

              FrameTransformMatrix {
               0.766156,0.000000,0.642654,0.000000,-0.000000,1.000000,-0.000000,0.000000,-0.642654,-0.000000,0.766156,0.000000,0.000017,-0.000001,8.510620,1.000000;;
              }

              Frame Goblin_LeftHandPinky4 {
               

               FrameTransformMatrix {
                1.000000,0.000000,0.000189,0.000000,0.000000,1.000000,-0.000000,0.000000,-0.000189,0.000000,1.000000,0.000000,-0.000988,-0.000002,5.365959,1.000000;;
               }
              }
             }
            }
           }
          }
         }
        }
       }
      }
     }

     Frame Goblin_RightShoulder {
      

      FrameTransformMatrix {
       -0.405925,0.757393,0.511450,0.000000,0.047760,-0.541285,0.839482,0.000000,0.912658,0.365193,0.183548,0.000000,-10.210620,-0.570015,13.494110,1.000000;;
      }

      Frame Goblin_RightArm {
       

       FrameTransformMatrix {
        0.867271,-0.310080,0.389476,0.000000,0.482565,0.331324,-0.810775,0.000000,0.122362,0.891109,0.436982,0.000000,0.000011,0.000000,-25.204899,1.000000;;
       }

       Frame Goblin_RightArmRoll {
        

        FrameTransformMatrix {
         1.000000,0.000000,0.000000,0.000000,-0.000000,1.000000,0.000002,0.000000,-0.000000,-0.000002,1.000000,0.000000,-0.000010,0.000046,-21.489838,1.000000;;
        }

        Frame Goblin_RightForeArm {
         

         FrameTransformMatrix {
          0.911611,0.089478,0.401197,0.000000,-0.055175,0.993824,-0.096280,0.000000,-0.407334,0.065634,0.910918,0.000000,0.000008,0.000000,-21.489861,1.000000;;
         }

         Frame Goblin_RightForeArmRoll {
          

          FrameTransformMatrix {
           0.999978,0.006651,-0.000000,0.000000,-0.006651,0.999978,0.000001,0.000000,0.000000,-0.000000,1.000000,0.000000,0.121210,0.313599,-23.960960,1.000000;;
          }

          Frame Goblin_RightHand {
           

           FrameTransformMatrix {
            0.043781,-0.655207,0.754180,0.000000,0.805893,-0.422991,-0.414264,0.000000,0.590440,0.625925,0.509508,0.000000,0.123314,0.312798,-23.960968,1.000000;;
           }

           Frame Goblin_JOChain1 {
            

            FrameTransformMatrix {
             -0.705237,0.000000,0.708972,0.000000,0.000000,1.000000,0.000000,0.000000,-0.708971,0.000000,-0.705237,0.000000,3.552483,1.921463,-0.622192,1.000000;;
            }

            Frame Goblin_JOChain2 {
             

             FrameTransformMatrix {
              1.000000,-0.000000,0.000098,0.000000,0.000000,1.000000,-0.000634,0.000000,-0.000098,0.000634,1.000000,0.000000,-0.000008,0.000008,3.465836,1.000000;;
             }

             Frame Goblin_JOChain3 {
              

              FrameTransformMatrix {
               1.000000,-0.000000,0.000000,0.000000,-0.000000,0.999774,-0.021269,0.000000,-0.000000,0.021269,0.999774,0.000000,0.000343,-0.000103,3.465851,1.000000;;
              }

              Frame Goblin_JOChain4 {
               

               FrameTransformMatrix {
                1.000000,0.000014,0.000127,0.000000,-0.000007,0.998772,-0.049538,0.000000,-0.000127,0.049538,0.998772,0.000000,0.000336,-0.000107,3.465851,1.000000;;
               }

               Frame Goblin_JOChain5 {
                

                FrameTransformMatrix {
                 1.000000,0.000000,-0.000000,0.000000,-0.000000,0.999377,-0.035295,0.000000,0.000000,0.035295,0.999377,0.000000,0.000786,-0.000254,3.465862,1.000000;;
                }

                Frame Goblin_JOChain6 {
                 

                 FrameTransformMatrix {
                  1.000000,0.000000,0.000000,0.000000,0.000000,0.839866,-0.542794,0.000000,-0.000000,0.542793,0.839866,0.000000,0.000786,-0.000254,3.465858,1.000000;;
                 }

                 Frame Goblin_JOChain7 {
                  

                  FrameTransformMatrix {
                   1.000000,0.000000,-0.000000,0.000000,0.000000,0.673284,-0.739384,0.000000,-0.000000,0.739384,0.673284,0.000000,0.000648,-0.000267,3.465851,1.000000;;
                  }

                  Frame Goblin_JOChain8 {
                   

                   FrameTransformMatrix {
                    1.000000,0.000000,0.000000,0.000000,-0.000000,0.045736,-0.998954,0.000000,-0.000000,0.998954,0.045736,0.000000,0.000092,-0.000267,3.465851,1.000000;;
                   }

                   Frame Goblin_JOChain9 {
                    

                    FrameTransformMatrix {
                     1.000000,-0.000000,-0.000000,0.000000,-0.000000,0.687798,-0.725902,0.000000,0.000000,0.725902,0.687798,0.000000,-0.000755,-0.000275,3.465839,1.000000;;
                    }

                    Frame Goblin_JOChain10 {
                     

                     FrameTransformMatrix {
                      1.000000,0.000000,0.000000,0.000000,-0.000000,0.995708,-0.092550,0.000000,0.000000,0.092550,0.995708,0.000000,-0.000633,-0.000269,3.465843,1.000000;;
                     }

                     Frame Goblin_JOChain11 {
                      

                      FrameTransformMatrix {
                       1.000000,-0.000000,-0.000000,0.000000,0.000000,0.999002,-0.044656,0.000000,-0.000000,0.044656,0.999002,0.000000,-0.000587,-0.000256,3.465847,1.000000;;
                      }

                      Frame Goblin_JOChain11Tip {
                       

                       FrameTransformMatrix {
                        -0.809557,0.322248,0.490687,0.000000,0.572703,0.617152,0.539570,0.000000,-0.128953,0.717830,-0.684172,0.000000,-0.000427,-0.011568,2.616600,1.000000;;
                       }
                      }
                     }
                    }
                   }
                  }
                 }
                }
               }
              }
             }
            }
           }

           Frame Goblin_RightfingerA1 {
            

            FrameTransformMatrix {
             0.806127,0.352468,-0.475317,0.000000,-0.230282,-0.553069,-0.800678,0.000000,-0.545096,0.754905,-0.364677,0.000000,-2.998001,8.470188,-4.918282,1.000000;;
            }

            Frame Goblin_RightfingerA2 {
             

             FrameTransformMatrix {
              0.993529,0.088627,0.071035,0.000000,-0.033176,0.824581,-0.564770,0.000000,-0.108628,0.558759,0.822185,0.000000,0.000008,0.000000,8.518984,1.000000;;
             }

             Frame Goblin_RightfingerA2Tip {
              

              FrameTransformMatrix {
               0.999837,0.018060,0.000000,0.000000,-0.018060,0.999837,-0.000000,0.000000,-0.000000,0.000000,1.000000,0.000000,-0.000008,-0.000021,14.502749,1.000000;;
              }
             }
            }
           }

           Frame Goblin_RightfingerB1 {
            

            FrameTransformMatrix {
             0.105785,0.983140,0.149147,0.000000,0.202487,0.125548,-0.971204,0.000000,-0.973555,0.132939,-0.185792,0.000000,-6.669254,1.653618,-1.666290,1.000000;;
            }

            Frame Goblin_RightfingerB2 {
             

             FrameTransformMatrix {
              0.993529,0.088627,0.071035,0.000000,-0.033176,0.824581,-0.564770,0.000000,-0.108628,0.558759,0.822185,0.000000,0.000000,0.000000,8.518966,1.000000;;
             }

             Frame Goblin_RightfingerB2Tip {
              

              FrameTransformMatrix {
               0.999837,0.018060,-0.000000,0.000000,-0.018060,0.999837,-0.000000,0.000000,0.000000,0.000000,1.000000,0.000000,0.000000,-0.000023,14.502757,1.000000;;
              }
             }
            }
           }

           Frame Goblin_RightfingerC1 {
            

            FrameTransformMatrix {
             -0.750962,0.331339,0.571202,0.000000,-0.289346,0.612437,-0.735663,0.000000,-0.593579,-0.717729,-0.364045,0.000000,-5.808588,-3.733276,-6.021553,1.000000;;
            }

            Frame Goblin_RightfingerC2 {
             

             FrameTransformMatrix {
              0.993529,0.088627,0.071035,0.000000,-0.033176,0.824581,-0.564770,0.000000,-0.108628,0.558759,0.822185,0.000000,0.000000,0.000015,8.518972,1.000000;;
             }

             Frame Goblin_RightfingerC2Tip {
              

              FrameTransformMatrix {
               0.999837,0.018060,0.000000,0.000000,-0.018060,0.999837,-0.000000,0.000000,-0.000000,0.000000,1.000000,0.000000,0.000000,-0.000015,14.502747,1.000000;;
              }
             }
            }
           }

           Frame Goblin_RightfingerD1 {
            

            FrameTransformMatrix {
             -0.539561,-0.747250,0.387932,0.000000,-0.838909,0.438045,-0.323029,0.000000,0.071452,-0.499734,-0.863227,0.000000,1.038788,-1.532810,-11.045349,1.000000;;
            }

            Frame Goblin_RightfingerD2 {
             

             FrameTransformMatrix {
              0.993529,0.088627,0.071035,0.000000,-0.033176,0.824581,-0.564770,0.000000,-0.108628,0.558759,0.822185,0.000000,-0.000008,0.000019,8.518986,1.000000;;
             }

             Frame Goblin_RightfingerD2Tip {
              

              FrameTransformMatrix {
               0.999837,0.018060,-0.000001,0.000000,-0.018060,0.999837,-0.000001,0.000000,0.000001,0.000001,1.000000,0.000000,0.000008,-0.000012,14.502747,1.000000;;
              }
             }
            }
           }

           Frame Goblin_RightfingerE1 {
            

            FrameTransformMatrix {
             0.421505,-0.855775,-0.299970,0.000000,-0.899838,-0.353722,-0.255290,0.000000,0.112365,0.377531,-0.919154,0.000000,0.520145,5.445904,-8.308563,1.000000;;
            }

            Frame Goblin_RightfingerE2 {
             

             FrameTransformMatrix {
              0.993529,0.088627,0.071035,0.000000,-0.033176,0.824581,-0.564770,0.000000,-0.108628,0.558759,0.822185,0.000000,-0.000002,0.000004,8.518982,1.000000;;
             }

             Frame Goblin_RightfingerE2Tip {
              

              FrameTransformMatrix {
               0.999837,0.018061,-0.000000,0.000000,-0.018061,0.999837,-0.000001,0.000000,0.000000,0.000001,1.000000,0.000000,0.000010,-0.000008,14.502734,1.000000;;
              }
             }
            }
           }
          }
         }
        }
       }
      }
     }
    }
   }
  }

  Frame Goblin_LeftUpLeg {
   

   FrameTransformMatrix {
    -0.971253,0.089245,-0.220686,0.000000,0.007469,0.938033,0.346466,0.000000,0.237931,0.334858,-0.911734,0.000000,26.220283,0.000000,-11.021843,1.000000;;
   }

   Frame Goblin_LeftUpLegRoll {
    

    FrameTransformMatrix {
     0.999989,-0.004652,0.000089,0.000000,0.004652,0.999989,0.000000,0.000000,-0.000089,0.000000,1.000000,0.000000,0.000008,0.000002,18.954224,1.000000;;
    }

    Frame Goblin_LeftLeg {
     

     FrameTransformMatrix {
      0.999986,-0.001415,-0.005191,0.000000,0.004938,0.624408,0.781083,0.000000,0.002136,-0.781098,0.624405,0.000000,0.000027,0.000000,18.954238,1.000000;;
     }

     Frame Goblin_LeftLegRoll {
      

      FrameTransformMatrix {
       0.999876,0.015581,-0.002475,0.000000,-0.015581,0.999879,-0.000142,0.000000,0.002473,0.000181,0.999997,0.000000,0.000011,0.000014,17.446331,1.000000;;
      }

      Frame Goblin_LeftFoot {
       

       FrameTransformMatrix {
        0.956576,0.132457,-0.259649,0.000000,-0.264499,0.020131,-0.964176,0.000000,-0.122484,0.990984,0.054291,0.000000,0.000011,-0.000004,17.446328,1.000000;;
       }

       Frame Goblin_LeftToeBase {
        

        FrameTransformMatrix {
         1.000000,0.000001,-0.000000,0.000000,-0.000001,0.999122,0.041894,0.000000,0.000000,-0.041894,0.999122,0.000000,-0.000008,-0.000033,20.345072,1.000000;;
        }
       }
      }
     }
    }
   }
  }

  Frame Goblin_Belly {
   

   FrameTransformMatrix {
    1.000000,-0.000000,0.000000,0.000000,-0.000000,1.000000,-0.000000,0.000000,0.000000,0.000000,1.000000,0.000000,-0.000001,34.962346,7.236542,1.000000;;
   }
  }

  Frame Goblin_RightUpLeg {
   

   FrameTransformMatrix {
    -0.946516,-0.152813,0.284175,0.000000,0.085127,-0.967800,-0.236889,0.000000,0.311225,-0.200028,0.929047,0.000000,-26.220280,-0.000001,-11.021904,1.000000;;
   }

   Frame Goblin_RightUpLegRoll {
    

    FrameTransformMatrix {
     0.999978,0.006602,-0.000329,0.000000,-0.006602,0.999978,0.000002,0.000000,0.000329,0.000000,1.000000,0.000000,0.000008,-0.000002,-18.954194,1.000000;;
    }

    Frame Goblin_RightLeg {
     

     FrameTransformMatrix {
      0.999808,0.013895,0.013824,0.000000,-0.019462,0.619902,0.784438,0.000000,0.002330,-0.784557,0.620053,0.000000,-0.000004,-0.000004,-18.954189,1.000000;;
     }

     Frame Goblin_RightLegRoll {
      

      FrameTransformMatrix {
       0.999988,-0.003778,-0.003334,0.000000,0.003778,0.999993,0.000068,0.000000,0.003333,-0.000081,0.999995,0.000000,0.000015,-0.000017,-17.446395,1.000000;;
      }

      Frame Goblin_RightFoot {
       

       FrameTransformMatrix {
        0.939189,-0.132253,-0.316913,0.000000,-0.330070,-0.093020,-0.939362,0.000000,0.094754,0.986841,-0.131016,0.000000,0.000015,-0.000017,-17.446296,1.000000;;
       }

       Frame Goblin_RightToeBase {
        

        FrameTransformMatrix {
         1.000000,-0.000002,-0.000003,0.000000,0.000002,0.994545,0.104310,0.000000,0.000003,-0.104310,0.994545,0.000000,-0.000011,0.000050,-20.345067,1.000000;;
        }
       }
      }
     }
    }
   }
  }
 }
}

Frame Goblin {
 

 FrameTransformMatrix {
  1.000000,0.000000,0.000000,0.000000,0.000000,1.000000,0.000000,0.000000,0.000000,0.000000,1.000000,0.000000,0.000000,0.000000,0.000000,1.000000;;
 }

 Mesh Goblin {
  9777;
  -39.089370;211.908070;-6.718370;,
  -38.908291;211.914445;-6.887880;,
  -38.928019;212.136576;-6.747650;,
  -38.967590;212.517530;-6.824260;,
  -38.695258;212.832563;-7.032360;,
  -38.841942;212.693568;-7.175360;,
  -6.422340;174.965581;-21.967590;,
  -6.215560;175.062592;-21.991619;,
  -6.412910;174.614886;-21.980021;,
  -5.938500;173.388339;-21.361651;,
  -6.017700;173.649318;-21.293630;,
  -6.377790;173.406093;-21.690850;,
  3.630650;170.362714;-24.402438;,
  4.042780;170.225523;-24.421610;,
  3.531740;171.298842;-24.421021;,
  4.070900;172.676250;-25.117670;,
  4.002550;172.520026;-24.669790;,
  4.100010;171.581709;-24.927718;,
  6.103600;171.828531;-22.194861;,
  6.091690;172.101018;-22.660250;,
  5.848230;171.888602;-22.068141;,
  6.664940;174.825574;-21.766480;,
  6.735120;174.723725;-21.765859;,
  6.625460;174.816218;-21.800080;,
  2.335620;174.335027;-26.965920;,
  2.201130;174.041869;-27.020950;,
  2.026220;174.034074;-27.273021;,
  -4.154640;176.116467;-25.641590;,
  -4.016180;175.640794;-25.697510;,
  -4.223820;175.862054;-26.114419;,
  -5.635000;175.014029;-24.096531;,
  -5.566700;174.971674;-23.955459;,
  -5.647200;174.842253;-24.004810;,
  -7.042710;177.226944;-20.160971;,
  -7.130910;177.027277;-20.040301;,
  -6.978840;177.060851;-20.398491;,
  -6.945460;177.313869;-19.483878;,
  -7.123150;177.178982;-19.333891;,
  -6.885620;177.106867;-19.708469;,
  -2.292980;173.218355;-26.531539;,
  -2.267600;173.476557;-26.585190;,
  -2.407040;173.263552;-26.578680;,
  -235.622758;-35.741654;-34.913171;,
  -236.639974;-35.989245;-35.003334;,
  -236.253850;-35.357568;-34.612182;,
  2.371180;175.559757;-26.832291;,
  2.054150;175.653875;-26.938230;,
  1.980660;175.474560;-26.678579;,
  1.630570;175.471283;-26.799080;,
  1.661860;175.527949;-26.975059;,
  5.254420;176.228774;-24.907490;,
  5.604370;176.256550;-25.362730;,
  5.485050;176.854490;-25.286240;,
  5.427400;175.311014;-25.385349;,
  5.185320;175.361293;-25.081979;,
  0.399030;170.181619;-25.654899;,
  0.339470;170.548813;-25.715981;,
  -0.342290;170.223347;-25.702280;,
  -0.242890;170.679475;-25.651078;,
  0.234770;171.162752;-25.994829;,
  -0.059560;171.191168;-25.945680;,
  0.151470;171.518528;-26.049770;,
  0.028610;171.515379;-26.019661;,
  -0.052530;171.498086;-26.135229;,
  -0.059560;171.191168;-25.945680;,
  -0.132770;171.132979;-26.171899;,
  -0.242890;170.679475;-25.651078;,
  -0.259820;170.350118;-26.074330;,
  -0.342290;170.223347;-25.702280;,
  -0.209570;169.948941;-25.964360;,
  0.065210;171.700109;-26.154830;,
  0.148790;171.078259;-26.213341;,
  0.148790;171.078259;-26.213341;,
  0.234770;171.162752;-25.994829;,
  -0.132770;171.132979;-26.171899;,
  0.339470;170.548813;-25.715981;,
  -0.259820;170.350118;-26.074330;,
  0.249400;170.282598;-26.120621;,
  0.249400;170.282598;-26.120621;,
  0.399030;170.181619;-25.654899;,
  0.252550;169.825075;-25.939410;,
  -0.209570;169.948941;-25.964360;,
  0.252550;169.825075;-25.939410;,
  0.399030;170.181619;-25.654899;,
  -0.342290;170.223347;-25.702280;,
  -221.530573;-29.186122;-45.010688;,
  -221.296333;-28.851082;-44.065552;,
  -221.217357;-29.529402;-45.011216;,
  -220.619443;-29.429389;-44.216730;,
  -221.084800;-28.326749;-42.697808;,
  -219.671450;-29.117427;-42.609658;,
  -219.231565;-28.196522;-41.378797;,
  -220.954624;-27.794090;-41.227600;,
  -219.192858;-26.402502;-41.194861;,
  -217.251174;-27.585744;-41.229581;,
  -221.873766;-25.432939;-40.335437;,
  -223.055590;-26.998867;-39.954410;,
  -217.274189;-25.049117;-41.096710;,
  -215.292365;-25.914381;-41.030662;,
  -219.977344;-23.961605;-40.624778;,
  -215.452595;-23.903653;-40.716278;,
  -213.928755;-24.659853;-40.502515;,
  -217.246182;-22.551165;-40.439594;,
  -214.285338;-23.401582;-40.160144;,
  -213.091661;-23.612734;-39.950390;,
  -214.612762;-22.783995;-40.033981;,
  -212.390630;-22.179315;-39.388522;,
  -211.906714;-23.936102;-39.909398;,
  -210.957773;-22.787072;-39.893149;,
  -215.375898;-21.044376;-39.606752;,
  -209.781261;-20.516758;-40.017219;,
  -209.425114;-21.486536;-40.565680;,
  -207.987981;-20.201826;-41.137616;,
  -208.092928;-19.584133;-40.625053;,
  -208.606477;-20.316403;-38.942912;,
  -207.529370;-19.751366;-40.049043;,
  -209.842330;-20.606837;-38.142765;,
  -213.720013;-19.515658;-38.404288;,
  -216.178995;-18.662683;-38.124138;,
  -218.473395;-19.877643;-38.826966;,
  -217.173504;-17.345549;-38.510275;,
  -220.650086;-21.411384;-39.332346;,
  -218.932813;-17.970210;-39.088733;,
  -222.758093;-22.876914;-39.153178;,
  -221.287475;-19.082734;-37.352336;,
  -222.879053;-20.453858;-37.406586;,
  -224.829747;-24.381550;-38.158077;,
  -225.126810;-26.251170;-38.572154;,
  -226.596608;-25.816286;-37.344371;,
  -224.450662;-21.595226;-37.571168;,
  -226.255334;-24.485158;-37.130205;,
  -227.602816;-25.277158;-36.125757;,
  -225.543475;-22.581160;-37.161238;,
  -226.956262;-24.043262;-36.069482;,
  -228.111053;-24.851158;-34.602566;,
  -225.154842;-24.159552;-36.867837;,
  -225.708621;-24.012574;-36.581606;,
  -225.402726;-23.483728;-36.900138;,
  -226.038451;-23.637240;-35.758582;,
  -225.504154;-23.378389;-36.500464;,
  -225.787341;-22.683083;-36.569443;,
  -225.546931;-21.712002;-36.174339;,
  -225.485440;-23.031150;-35.719930;,
  -225.984870;-22.070328;-35.931850;,
  -225.250867;-20.850210;-35.990096;,
  -225.527654;-22.338957;-34.503872;,
  -224.204826;-19.662645;-35.493565;,
  -225.764659;-20.828262;-34.754435;,
  -222.021862;-18.027862;-35.181302;,
  -224.665472;-19.259078;-34.189146;,
  -225.442970;-21.507042;-32.786464;,
  -225.750835;-20.063888;-32.774621;,
  -226.233984;-23.101845;-34.509789;,
  -226.375680;-22.365454;-32.813603;,
  -227.449626;-23.455867;-34.724029;,
  -227.930726;-22.912360;-32.846269;,
  -228.855245;-24.873203;-32.948035;,
  -228.593894;-23.374395;-31.694016;,
  -229.914317;-23.900403;-32.036166;,
  -227.766656;-21.840770;-30.489651;,
  -230.612403;-23.643611;-30.793862;,
  -231.955328;-23.743205;-31.834675;,
  -232.051098;-23.612328;-31.143814;,
  -228.731034;-23.475626;-29.987523;,
  -226.323789;-21.501419;-30.761286;,
  -225.968026;-20.698339;-29.118086;,
  -226.538598;-20.727160;-27.630627;,
  -225.435238;-20.697883;-30.870026;,
  -225.493094;-19.766194;-29.244278;,
  -224.698368;-19.140298;-27.706906;,
  -225.898650;-19.592491;-31.295270;,
  -224.076518;-17.910557;-29.928064;,
  -225.203789;-18.819546;-30.642410;,
  -223.723290;-17.811315;-27.093683;,
  -224.864358;-18.695981;-32.453405;,
  -222.890112;-17.214211;-28.941920;,
  -222.664090;-17.652805;-33.560250;,
  -222.860518;-17.176483;-31.687366;,
  -222.591053;-15.631669;-27.941046;,
  -223.675725;-16.182757;-26.463414;,
  -221.555686;-16.611558;-29.859110;,
  -220.533146;-16.497440;-33.199082;,
  -222.846259;-13.397610;-26.958323;,
  -223.742822;-13.896803;-25.661690;,
  -220.277402;-16.854867;-34.372666;,
  -220.519859;-15.955003;-31.814042;,
  -218.229862;-16.511594;-32.988541;,
  -220.616064;-16.521126;-36.141606;,
  -219.859174;-16.708406;-30.210592;,
  -220.846950;-17.482288;-38.053325;,
  -220.603597;-15.309782;-28.096768;,
  -218.159002;-15.959456;-31.654598;,
  -221.253146;-13.059974;-26.978339;,
  -218.637210;-16.513000;-28.355267;,
  -218.061542;-16.530168;-30.337117;,
  -219.668608;-15.272219;-25.858054;,
  -222.032845;-10.874931;-25.823280;,
  -217.803878;-16.842051;-29.288845;,
  -223.222016;-11.047750;-25.811322;,
  -223.723878;-11.525378;-24.808763;,
  -216.106957;-16.495150;-28.030938;,
  -223.504998;-10.131411;-24.238222;,
  -223.109120;-11.718478;-23.889179;,
  -216.124365;-16.925222;-29.164685;,
  -223.203021;-10.196674;-23.734395;,
  -221.991706;-11.539375;-23.756570;,
  -222.622592;-9.699216;-23.736040;,
  -223.299789;-9.392199;-24.611016;,
  -222.527462;-9.642670;-24.877712;,
  -222.246758;-9.855130;-24.409464;,
  -221.488870;-11.170847;-24.813645;,
  -220.538368;-13.377025;-25.417845;,
  -221.406822;-13.943808;-23.989378;,
  -220.923648;-16.064181;-24.244232;,
  -220.338662;-17.515904;-24.503475;,
  -218.487654;-16.758491;-26.034077;,
  -217.864038;-17.313595;-24.722427;,
  -219.466880;-17.979350;-23.641253;,
  -218.624922;-17.856810;-23.012120;,
  -217.072435;-17.402646;-23.663763;,
  -216.446336;-17.132875;-25.483101;,
  -215.750707;-16.936406;-26.757043;,
  -215.655834;-17.239536;-25.004360;,
  -215.852058;-18.339270;-23.625643;,
  -214.433690;-16.496496;-28.180774;,
  -214.991309;-18.121402;-24.864653;,
  -215.006720;-19.296488;-23.613027;,
  -214.337549;-17.042912;-26.270235;,
  -214.077837;-16.650397;-27.630877;,
  -214.162278;-18.698426;-24.673878;,
  -213.527270;-19.458746;-23.164598;,
  -213.866765;-17.879179;-26.200440;,
  -212.962970;-16.911090;-27.899498;,
  -213.277286;-18.328293;-26.032688;,
  -213.919616;-16.841198;-29.234019;,
  -212.888883;-17.878562;-27.654474;,
  -212.952422;-18.269618;-29.354915;,
  -215.858304;-15.983950;-30.253958;,
  -215.774336;-16.173891;-31.761059;,
  -213.739379;-16.289725;-30.735226;,
  -213.034573;-17.934304;-30.063667;,
  -213.864346;-16.672221;-32.440966;,
  -212.334310;-17.205277;-31.233277;,
  -215.880269;-16.678771;-33.447738;,
  -218.261197;-16.657486;-34.287619;,
  -213.939891;-17.210730;-34.295568;,
  -219.808768;-16.884997;-35.086922;,
  -215.975757;-17.055186;-34.889328;,
  -218.333798;-16.515901;-35.206890;,
  -218.734618;-15.711802;-36.009808;,
  -220.453606;-14.727301;-37.640778;,
  -217.251917;-16.391104;-37.163379;,
  -220.543130;-15.533038;-39.038586;,
  -219.088998;-14.306078;-37.210602;,
  -219.027738;-15.896914;-39.831658;,
  -217.490688;-15.482408;-39.463110;,
  -220.186240;-12.770171;-39.057408;,
  -220.065894;-13.340317;-40.036045;,
  -218.999219;-13.576045;-40.656723;,
  -217.891994;-13.253833;-40.334784;,
  -219.727949;-11.642511;-40.776035;,
  -219.061197;-11.745424;-41.161994;,
  -218.446131;-11.492542;-40.871085;,
  -218.844288;-10.608982;-41.154762;,
  -219.484211;-10.783290;-41.073962;,
  -219.190733;-10.654008;-41.353888;,
  -219.078016;-10.280589;-40.894186;,
  -219.922022;-11.187955;-40.183347;,
  -219.578266;-10.402892;-40.895818;,
  -219.332557;-10.089832;-41.299930;,
  -219.268992;-12.420370;-38.600570;,
  -219.361536;-10.235752;-40.570122;,
  -219.354419;-10.860216;-39.795718;,
  -218.705510;-11.145906;-40.234883;,
  -218.844288;-10.608982;-41.154762;,
  -218.446131;-11.492542;-40.871085;,
  -218.309043;-12.815058;-39.330966;,
  -217.891994;-13.253833;-40.334784;,
  -217.861453;-14.829541;-38.199296;,
  -217.490688;-15.482408;-39.463110;,
  -217.173504;-17.345549;-38.510275;,
  -216.230298;-17.552947;-36.340880;,
  -216.178995;-18.662683;-38.124138;,
  -213.562970;-18.493117;-36.729856;,
  -213.720013;-19.515658;-38.404288;,
  -213.811494;-17.908779;-35.345984;,
  -211.595264;-19.713211;-36.299978;,
  -209.842330;-20.606837;-38.142765;,
  -212.092173;-18.480456;-34.803754;,
  -212.831386;-17.495629;-34.360867;,
  -212.520435;-16.846347;-33.077862;,
  -211.908083;-17.662475;-33.395251;,
  -211.288589;-19.543594;-34.215005;,
  -211.564070;-18.180698;-32.425757;,
  -211.867418;-18.340053;-31.363677;,
  -210.805286;-20.846149;-35.585229;,
  -212.291507;-18.536536;-30.754406;,
  -211.749466;-18.695645;-31.404048;,
  -211.291750;-19.035666;-32.307709;,
  -211.459418;-18.546738;-30.947466;,
  -210.418381;-19.975485;-33.912829;,
  -210.337690;-18.688480;-32.280013;,
  -209.839654;-20.707117;-35.182854;,
  -209.198400;-20.148718;-33.534243;,
  -209.594176;-21.576606;-36.473187;,
  -208.691302;-21.526226;-34.884243;,
  -209.488614;-18.702931;-31.791571;,
  -207.847501;-22.862032;-35.445018;,
  -207.432307;-21.860771;-33.051261;,
  -208.368678;-20.449898;-32.446976;,
  -210.544358;-18.153915;-30.759133;,
  -209.162470;-19.307926;-31.046112;,
  -209.913075;-18.672027;-30.321206;,
  -211.189606;-18.434790;-29.830419;,
  -208.032563;-20.895325;-31.188912;,
  -209.432998;-19.839099;-29.841594;,
  -208.913421;-19.865464;-30.430461;,
  -208.059418;-21.178397;-30.171693;,
  -207.000589;-22.360397;-31.372573;,
  -206.602586;-23.030245;-33.624202;,
  -206.917683;-22.633309;-29.980662;,
  -208.412109;-21.406246;-29.278406;,
